{
 "cells": [
  {
   "cell_type": "code",
   "execution_count": 1,
   "metadata": {},
   "outputs": [],
   "source": [
    "\n",
    "import pytorch_lightning\n",
    "from monai.utils import set_determinism\n",
    "from monai.transforms import (\n",
    "    AsDiscrete,\n",
    "    EnsureChannelFirstd,\n",
    "    Compose,\n",
    "    CropForegroundd,\n",
    "    LoadImaged,\n",
    "    Orientationd,\n",
    "    RandCropByPosNegLabeld,\n",
    "    ScaleIntensityRanged,\n",
    "    Spacingd,\n",
    "    EnsureType,\n",
    ")\n",
    "from monai.networks.nets import UNet\n",
    "from monai.networks.layers import Norm\n",
    "from monai.metrics import DiceMetric\n",
    "from monai.losses import DiceLoss\n",
    "from monai.inferers import sliding_window_inference\n",
    "from monai.data import CacheDataset, list_data_collate, decollate_batch, DataLoader\n",
    "from monai.config import print_config\n",
    "from monai.apps import download_and_extract\n",
    "import torch\n",
    "import matplotlib.pyplot as plt\n",
    "import tempfile\n",
    "import shutil\n",
    "import os\n",
    "import glob\n",
    "import random\n",
    "import nibabel as nib\n",
    "import numpy as np\n",
    "import SimpleITK as sitk\n",
    "from math import floor, ceil"
   ]
  },
  {
   "cell_type": "code",
   "execution_count": 3,
   "metadata": {},
   "outputs": [
    {
     "name": "stdout",
     "output_type": "stream",
     "text": [
      "(512, 512, 96)\n",
      "(512, 512, 96)\n",
      "[0 1]\n",
      "[   0    1    2 ... 2037 2049 2084]\n",
      "int16\n",
      "(512, 512, 96)\n",
      "(512, 512, 96)\n",
      "(1.0, 0.0, 0.0, 0.0, 0.0, 1.0, 0.0, 1.0, 0.0)\n",
      "(512, 512, 96)\n",
      "[512  96 512]\n",
      "(512, 512, 128)\n"
     ]
    }
   ],
   "source": [
    "\"\"\"Load image and label into numpy array\"\"\"\n",
    "image = nib.load('/media/sasank/LinuxStorage/Dropbox (UFL)/FistulaData/Segmentations/164/164_image.nii.gz')\n",
    "image_np = np.array(image.dataobj)\n",
    "#print(image_np.shape)\n",
    "label = nib.load('/media/sasank/LinuxStorage/Dropbox (UFL)/FistulaData/Segmentations/164/164_label.nii.gz')\n",
    "label_np = np.array(label.dataobj)\n",
    "#print(label_np.shape)\n",
    "#print(np.unique(label_np))\n",
    "#print(np.unique(image_np))\n",
    "#print(label_np.dtype)\n",
    "#plt.imshow(image_np[:,:,48], cmap='gray')\n",
    "#plt.imshow(label_np[:,:,48], cmap='gray')\n",
    "\n",
    "\n",
    "#im = nib.load('/media/sasank/LinuxStorage/Dropbox (UFL)/FistulaData/Segmentations/164/164_image.nii.gz')\n",
    "#im_np = np.array(im.dataobj)\n",
    "#print(im_np.shape)\n",
    "#im_sitk = sitk.GetImageFromArray(im_np)\n",
    "#im_sitk = sitk.ReadImage(data[i][0], imageIO=\"NiftiImageIO\")\n",
    "\n",
    "ref_img = sitk.Image(96, 512, 512, sitk.sitkFloat32)\n",
    "im_sitk = sitk.ReadImage('/media/sasank/LinuxStorage/Dropbox (UFL)/FistulaData/Segmentations/164/164_image.nii.gz', imageIO=\"NiftiImageIO\")\n",
    "\n",
    "Reader = sitk.ImageFileReader(ref=my_img)\n",
    "Reader.SetFileName('/media/sasank/LinuxStorage/Dropbox (UFL)/FistulaData/Segmentations/164/164_image.nii.gz')\n",
    "Image = Reader.Execute()\n",
    "Image.SetDirection((1,0,0,0,0,1,0,1,0))\n",
    "test = sitk.GetArrayFromImage(Image)\n",
    "#plt.imshow(test[:,:,48], cmap='gray')\n",
    "print(Image.GetSize())\n",
    "print(Image.GetDirection())\n",
    "\n",
    "resample = sitk.ResampleImageFilter()\n",
    "resample.SetInterpolator(sitk.sitkNearestNeighbor)\n",
    "resample.SetOutputDirection(Image.GetDirection())\n",
    "#print(resample.GetInterpolator())\n",
    "print(im_sitk.GetSize())\n",
    "direction = np.array(im_sitk.GetDirection()).reshape(len(Image.GetSize()), -1)\n",
    "ind = np.argmax(np.abs(direction), axis=0)\n",
    "new_size = np.array(Image.GetSize())[ind]\n",
    "resample.SetSize((128, 512, 512))\n",
    "print(new_size)\n",
    "#resample.SetSize(new_size.tolist())\n",
    "#resample.SetReferenceImage(sitk.GetArrayFromImage(image_np))\n",
    "\n",
    "im_resampled = resample.Execute(im_sitk)\n",
    "im_re_np = sitk.GetArrayFromImage(im_resampled)\n",
    "#print(im_re_np.shape)\n",
    "\n",
    "#plt.imshow(im_np[:,48,:], cmap='gray')\n",
    "#plt.imshow(im_np[:,:,48], cmap='gray')\n",
    "#plt.imshow(im_re_np[:,:,48], cmap='gray')"
   ]
  },
  {
   "cell_type": "code",
   "execution_count": null,
   "metadata": {},
   "outputs": [],
   "source": []
  },
  {
   "cell_type": "code",
   "execution_count": 5,
   "metadata": {},
   "outputs": [
    {
     "name": "stdout",
     "output_type": "stream",
     "text": [
      "0\n",
      "(512, 512, 96)\n",
      "(512, 512, 96)\n",
      "[[ 1.          0.          0.        ]\n",
      " [ 0.          0.06958133  0.99757628]\n",
      " [ 0.         -0.99757628  0.06958132]]\n",
      "(512, 512, 128)\n",
      "(512, 512, 96)\n",
      "1\n",
      "(290, 320, 64)\n",
      "(290, 320, 64)\n",
      "[[ 1.          0.          0.        ]\n",
      " [ 0.         -0.04884947  0.99880615]\n",
      " [ 0.         -0.99880615 -0.04884946]]\n",
      "(512, 512, 128)\n",
      "(290, 320, 64)\n",
      "2\n",
      "(512, 512, 84)\n",
      "(512, 512, 84)\n",
      "[[ 0.99924386  0.         -0.03888079]\n",
      " [ 0.0388808   0.          0.99924386]\n",
      " [ 0.         -1.          0.        ]]\n",
      "(512, 512, 128)\n",
      "(512, 512, 84)\n",
      "3\n",
      "(512, 512, 96)\n",
      "(512, 512, 96)\n",
      "[[ 1.          0.          0.        ]\n",
      " [ 0.          0.16184001  0.98681701]\n",
      " [ 0.         -0.98681701  0.16184   ]]\n",
      "(512, 512, 128)\n",
      "(512, 512, 96)\n",
      "4\n",
      "(290, 320, 72)\n",
      "(290, 320, 72)\n",
      "[[ 1.         0.         0.       ]\n",
      " [ 0.         0.0854169  0.9963453]\n",
      " [ 0.        -0.9963453  0.0854169]]\n",
      "(512, 512, 128)\n",
      "(290, 320, 72)\n",
      "5\n",
      "(512, 512, 96)\n",
      "(512, 512, 96)\n",
      "[[ 0.99829609  0.         -0.05835171]\n",
      " [ 0.05835171  0.          0.99829609]\n",
      " [ 0.         -1.          0.        ]]\n",
      "(512, 512, 128)\n",
      "(512, 512, 96)\n",
      "6\n",
      "(512, 512, 96)\n",
      "(512, 512, 96)\n",
      "[[ 1.          0.          0.        ]\n",
      " [ 0.          0.0364089   0.99933698]\n",
      " [ 0.         -0.99933698  0.0364089 ]]\n",
      "(512, 512, 128)\n",
      "(512, 512, 96)\n",
      "7\n",
      "(512, 512, 88)\n",
      "(512, 512, 88)\n",
      "[[ 9.99943606e-01  7.32430735e-04  1.05947054e-02]\n",
      " [-1.06199891e-02  6.96441756e-02  9.97515366e-01]\n",
      " [-7.24859126e-06 -9.97571628e-01  6.96480250e-02]]\n",
      "(512, 512, 128)\n",
      "(512, 512, 88)\n",
      "8\n",
      "(290, 320, 80)\n",
      "(290, 320, 80)\n",
      "[[ 1.          0.          0.        ]\n",
      " [ 0.          0.13917314  0.99026806]\n",
      " [ 0.         -0.99026806  0.13917314]]\n",
      "(512, 512, 128)\n",
      "(290, 320, 80)\n",
      "9\n",
      "(290, 320, 72)\n",
      "(290, 320, 72)\n",
      "[[ 1.          0.          0.        ]\n",
      " [ 0.          0.12186932  0.99254615]\n",
      " [ 0.         -0.99254615  0.12186933]]\n",
      "(512, 512, 128)\n",
      "(290, 320, 72)\n",
      "10\n",
      "(290, 320, 88)\n",
      "(290, 320, 88)\n",
      "[[ 9.97052752e-01  8.81786595e-03  7.62105941e-02]\n",
      " [-7.67190327e-02  1.14598399e-01  9.90445050e-01]\n",
      " [-9.78864643e-11 -9.93372766e-01  1.14937149e-01]]\n",
      "(512, 512, 128)\n",
      "(290, 320, 88)\n",
      "11\n",
      "(290, 320, 72)\n",
      "(290, 320, 72)\n",
      "[[ 1.          0.          0.        ]\n",
      " [ 0.          0.0749787   0.99718514]\n",
      " [ 0.         -0.99718514  0.07497869]]\n",
      "(512, 512, 128)\n",
      "(290, 320, 72)\n",
      "12\n",
      "(512, 512, 96)\n",
      "(512, 512, 96)\n",
      "[[ 9.99785274e-01 -1.73956919e-03 -2.06489714e-02]\n",
      " [ 2.07221171e-02  8.38661532e-02  9.96261543e-01]\n",
      " [-1.31594921e-06 -9.96475510e-01  8.38841904e-02]]\n",
      "(512, 512, 128)\n",
      "(512, 512, 96)\n",
      "13\n",
      "(512, 512, 96)\n",
      "(512, 512, 96)\n",
      "[[ 0.99154859 -0.01977581 -0.12821977]\n",
      " [ 0.12936903  0.07644814  0.9886452 ]\n",
      " [-0.0097491  -0.99687742  0.07836042]]\n",
      "(512, 512, 128)\n",
      "(512, 512, 96)\n",
      "14\n",
      "(290, 320, 72)\n",
      "(290, 320, 72)\n",
      "[[ 1.          0.          0.        ]\n",
      " [ 0.          0.05233603  0.99862953]\n",
      " [ 0.         -0.99862953  0.05233603]]\n",
      "(512, 512, 128)\n",
      "(290, 320, 72)\n",
      "15\n",
      "(290, 320, 56)\n",
      "(290, 320, 56)\n",
      "[[ 1.          0.          0.        ]\n",
      " [ 0.          0.11320319  0.99357186]\n",
      " [ 0.         -0.99357186  0.1132032 ]]\n",
      "(512, 512, 128)\n",
      "(290, 320, 56)\n",
      "16\n",
      "(512, 512, 92)\n",
      "(512, 512, 92)\n",
      "[[ 9.99215107e-01  4.05897148e-03  3.94042558e-02]\n",
      " [-3.96127614e-02  1.02542042e-01  9.93939616e-01]\n",
      " [-6.22048137e-06 -9.94720390e-01  1.02622342e-01]]\n",
      "(512, 512, 128)\n",
      "(512, 512, 92)\n",
      "17\n",
      "(512, 512, 96)\n",
      "(512, 512, 96)\n",
      "[[ 9.99592803e-01 -2.92982038e-03 -2.83838674e-02]\n",
      " [ 2.85346773e-02  1.02573014e-01  9.94316121e-01]\n",
      " [-1.74897703e-06 -9.94721163e-01  1.02614853e-01]]\n",
      "(512, 512, 128)\n",
      "(512, 512, 96)\n",
      "18\n",
      "(512, 512, 88)\n",
      "(512, 512, 88)\n",
      "[[ 1.          0.          0.        ]\n",
      " [ 0.          0.10260304  0.99472238]\n",
      " [ 0.         -0.99472238  0.10260305]]\n",
      "(512, 512, 128)\n",
      "(512, 512, 88)\n",
      "19\n",
      "(512, 512, 84)\n",
      "(512, 512, 84)\n",
      "[[ 1.          0.          0.        ]\n",
      " [ 0.          0.08822961  0.99610016]\n",
      " [ 0.         -0.99610016  0.08822961]]\n",
      "(512, 512, 128)\n",
      "(512, 512, 84)\n",
      "20\n",
      "(512, 512, 92)\n",
      "(512, 512, 92)\n",
      "[[ 9.95966588e-01 -9.21656590e-03 -8.92502737e-02]\n",
      " [ 8.97248877e-02  1.02206946e-01  9.90708425e-01]\n",
      " [-8.93117252e-06 -9.94720461e-01  1.02621665e-01]]\n",
      "(512, 512, 128)\n",
      "(512, 512, 92)\n",
      "21\n",
      "(290, 320, 64)\n",
      "(290, 320, 64)\n",
      "[[ 0.99995814  0.00850915 -0.00336362]\n",
      " [ 0.0028078   0.0645088   0.99791319]\n",
      " [ 0.00870837 -0.99788086  0.06448221]]\n",
      "(512, 512, 128)\n",
      "(290, 320, 64)\n",
      "22\n",
      "(290, 320, 80)\n",
      "(290, 320, 80)\n",
      "[[ 1.          0.          0.        ]\n",
      " [ 0.          0.05756397  0.99834182]\n",
      " [ 0.         -0.99834182  0.05756397]]\n",
      "(512, 512, 128)\n",
      "(290, 320, 80)\n",
      "23\n",
      "(512, 512, 96)\n",
      "(512, 512, 96)\n",
      "[[ 9.99622760e-01 -2.80774852e-03 -2.73213126e-02]\n",
      " [ 2.74652036e-02  1.02572948e-01  9.94346244e-01]\n",
      " [ 1.05532048e-05 -9.94721522e-01  1.02611366e-01]]\n",
      "(512, 512, 128)\n",
      "(512, 512, 96)\n",
      "24\n",
      "(290, 320, 80)\n",
      "(290, 320, 80)\n",
      "[[ 1.          0.          0.        ]\n",
      " [ 0.         -0.04536303  0.99897057]\n",
      " [ 0.         -0.99897057 -0.04536303]]\n",
      "(512, 512, 128)\n",
      "(290, 320, 80)\n",
      "25\n",
      "(290, 320, 80)\n",
      "(290, 320, 80)\n",
      "[[ 1.          0.          0.        ]\n",
      " [ 0.          0.02268703  0.99974262]\n",
      " [ 0.         -0.99974262  0.02268703]]\n",
      "(512, 512, 128)\n",
      "(290, 320, 80)\n",
      "26\n",
      "(512, 512, 96)\n",
      "(512, 512, 96)\n",
      "[[ 1.          0.          0.        ]\n",
      " [ 0.          0.10260304  0.99472238]\n",
      " [ 0.         -0.99472238  0.10260304]]\n",
      "(512, 512, 128)\n",
      "(512, 512, 96)\n",
      "27\n",
      "(290, 320, 64)\n",
      "(290, 320, 64)\n",
      "[[ 1.  0.  0.]\n",
      " [ 0. -0.  1.]\n",
      " [ 0. -1.  0.]]\n",
      "(512, 512, 128)\n",
      "(290, 320, 64)\n",
      "28\n",
      "(512, 512, 96)\n",
      "(512, 512, 96)\n",
      "[[ 1.          0.          0.        ]\n",
      " [ 0.          0.10367304  0.99461143]\n",
      " [ 0.         -0.99461143  0.10367305]]\n",
      "(512, 512, 128)\n",
      "(512, 512, 96)\n",
      "29\n",
      "(512, 512, 96)\n",
      "(512, 512, 96)\n",
      "[[ 9.95869979e-01 -9.30819788e-03 -9.03124627e-02]\n",
      " [ 9.07908802e-02  1.02175980e-01  9.90614499e-01]\n",
      " [ 6.92864776e-06 -9.94722789e-01  1.02599087e-01]]\n",
      "(512, 512, 128)\n",
      "(512, 512, 96)\n",
      "30\n",
      "(512, 512, 88)\n",
      "(512, 512, 88)\n",
      "[[ 1.          0.          0.        ]\n",
      " [ 0.          0.10260304  0.99472238]\n",
      " [ 0.         -0.99472238  0.10260304]]\n",
      "(512, 512, 128)\n",
      "(512, 512, 88)\n",
      "31\n",
      "(290, 320, 72)\n",
      "(290, 320, 72)\n",
      "[[ 1.          0.          0.        ]\n",
      " [ 0.          0.03141078  0.99950656]\n",
      " [ 0.         -0.99950656  0.03141078]]\n",
      "(512, 512, 128)\n",
      "(290, 320, 72)\n",
      "32\n",
      "(290, 320, 72)\n",
      "(290, 320, 72)\n",
      "[[ 1.          0.          0.        ]\n",
      " [ 0.         -0.0540788   0.99853667]\n",
      " [ 0.         -0.99853667 -0.0540788 ]]\n",
      "(512, 512, 128)\n",
      "(290, 320, 72)\n",
      "33\n",
      "(290, 320, 72)\n",
      "(290, 320, 72)\n",
      "[[ 1.          0.          0.        ]\n",
      " [ 0.         -0.0488498   0.99880614]\n",
      " [ 0.         -0.99880614 -0.0488498 ]]\n",
      "(512, 512, 128)\n",
      "(290, 320, 72)\n",
      "34\n",
      "(290, 320, 80)\n",
      "(290, 320, 80)\n",
      "[[ 1.          0.          0.        ]\n",
      " [ 0.          0.00698133  0.99997563]\n",
      " [ 0.         -0.99997563  0.00698133]]\n",
      "(512, 512, 128)\n",
      "(290, 320, 80)\n",
      "35\n",
      "(512, 512, 96)\n",
      "(512, 512, 96)\n",
      "[[ 1.          0.          0.        ]\n",
      " [ 0.          0.11319498  0.99357279]\n",
      " [ 0.         -0.99357279  0.11319498]]\n",
      "(512, 512, 128)\n",
      "(512, 512, 96)\n",
      "36\n",
      "(512, 512, 96)\n",
      "(512, 512, 96)\n",
      "[[ 9.99034273e-01  5.98331089e-11 -4.39376982e-02]\n",
      " [ 4.38260976e-02  7.12296942e-02  9.96496665e-01]\n",
      " [ 3.12966912e-03 -9.97459939e-01  7.11609047e-02]]\n",
      "(512, 512, 128)\n",
      "(512, 512, 96)\n",
      "37\n",
      "(290, 320, 56)\n",
      "(290, 320, 56)\n",
      "[[ 1.          0.          0.        ]\n",
      " [ 0.         -0.0540788   0.99853667]\n",
      " [ 0.         -0.99853667 -0.0540788 ]]\n",
      "(512, 512, 128)\n",
      "(290, 320, 56)\n",
      "38\n",
      "(512, 512, 96)\n",
      "(512, 512, 96)\n",
      "[[ 1.          0.          0.        ]\n",
      " [ 0.          0.05774157  0.99833156]\n",
      " [ 0.         -0.99833156  0.05774157]]\n",
      "(512, 512, 128)\n",
      "(512, 512, 96)\n",
      "39\n",
      "(512, 512, 104)\n",
      "(512, 512, 104)\n",
      "[[ 9.99104708e-01  4.20542837e-02 -4.60649823e-03]\n",
      " [-3.66945233e-04  1.17495944e-01  9.93073295e-01]\n",
      " [ 4.23042238e-02 -9.92182514e-01  1.17406179e-01]]\n",
      "(512, 512, 128)\n",
      "(512, 512, 104)\n",
      "40\n",
      "(290, 320, 72)\n",
      "(290, 320, 72)\n",
      "[[ 1.          0.          0.        ]\n",
      " [ 0.          0.09410838  0.99556196]\n",
      " [ 0.         -0.99556196  0.09410837]]\n",
      "(512, 512, 128)\n",
      "(290, 320, 72)\n",
      "41\n",
      "(290, 320, 80)\n",
      "(290, 320, 80)\n",
      "[[ 1.          0.          0.        ]\n",
      " [ 0.          0.01919743  0.99981571]\n",
      " [ 0.         -0.99981571  0.01919743]]\n",
      "(512, 512, 128)\n",
      "(290, 320, 80)\n",
      "42\n",
      "(290, 320, 72)\n",
      "(290, 320, 72)\n",
      "[[ 9.99390827e-01 -2.73818408e-03 -3.47919079e-02]\n",
      " [ 3.48994982e-02  7.84113160e-02  9.96310037e-01]\n",
      " [-6.24487505e-10 -9.96917333e-01  7.84591154e-02]]\n",
      "(512, 512, 128)\n",
      "(290, 320, 72)\n",
      "43\n",
      "(512, 512, 96)\n",
      "(512, 512, 96)\n",
      "[[ 1.          0.          0.        ]\n",
      " [ 0.          0.00842306  0.99996453]\n",
      " [ 0.         -0.99996453  0.00842306]]\n",
      "(512, 512, 128)\n",
      "(512, 512, 96)\n",
      "44\n",
      "(512, 512, 92)\n",
      "(512, 512, 92)\n",
      "[[ 0.99746177 -0.05993859 -0.03843681]\n",
      " [ 0.0441296   0.09674399  0.99433052]\n",
      " [-0.05588024 -0.99350288  0.0991435 ]]\n",
      "(512, 512, 128)\n",
      "(512, 512, 92)\n",
      "45\n",
      "(512, 512, 88)\n",
      "(512, 512, 88)\n",
      "[[ 9.99486412e-01 -3.29606082e-03 -3.18755206e-02]\n",
      " [ 3.20454803e-02  1.02542020e-01  9.94212363e-01]\n",
      " [-8.40397997e-06 -9.94723213e-01  1.02594976e-01]]\n",
      "(512, 512, 128)\n",
      "(512, 512, 88)\n",
      "46\n",
      "(512, 512, 92)\n",
      "(512, 512, 92)\n",
      "[[ 1.          0.          0.        ]\n",
      " [ 0.          0.12716999  0.99188094]\n",
      " [ 0.         -0.99188094  0.12717   ]]\n",
      "(512, 512, 128)\n",
      "(512, 512, 92)\n",
      "47\n",
      "(512, 512, 92)\n",
      "(512, 512, 92)\n",
      "[[ 9.98909358e-01  8.25051167e-12 -4.66914661e-02]\n",
      " [ 4.63878067e-02  1.13864045e-01  9.92412794e-01]\n",
      " [ 5.31647976e-03 -9.93496341e-01  1.13739852e-01]]\n",
      "(512, 512, 128)\n",
      "(512, 512, 92)\n",
      "48\n",
      "(290, 320, 72)\n",
      "(290, 320, 72)\n",
      "[[ 1.          0.          0.        ]\n",
      " [ 0.         -0.0017453   0.99999848]\n",
      " [ 0.         -0.99999848 -0.0017453 ]]\n",
      "(512, 512, 128)\n",
      "(290, 320, 72)\n",
      "49\n",
      "(512, 512, 84)\n",
      "(512, 512, 84)\n",
      "[[ 1.          0.          0.        ]\n",
      " [ 0.          0.09775099  0.9952109 ]\n",
      " [ 0.         -0.9952109   0.09775099]]\n",
      "(512, 512, 128)\n",
      "(512, 512, 84)\n"
     ]
    }
   ],
   "source": [
    "\"\"\"\n",
    "Simple ITK\n",
    "\"\"\"\n",
    "\n",
    "images = []\n",
    "labels = []\n",
    "for root, dirs, files in os.walk('/media/sasank/LinuxStorage/Dropbox (UFL)/FistulaData/Segmentations/'):\n",
    "    for file in files:\n",
    "        if file.endswith(\"_image.nii.gz\"):\n",
    "            images.append(os.path.join(root, file))\n",
    "        if file.endswith(\"_label.nii.gz\"):\n",
    "            labels.append(os.path.join(root, file))\n",
    "images = sorted(images)\n",
    "labels = sorted(labels)\n",
    "\n",
    "data = list(zip(images, labels))\n",
    "\n",
    "resample = sitk.ResampleImageFilter()\n",
    "resample.SetSize((96, 512, 512))\n",
    "\n",
    "resample = sitk.ResampleImageFilter()\n",
    "resample.SetSize((128, 512, 512))\n",
    "\n",
    "for i in range(len(data)):\n",
    "    print(i)\n",
    "    im = nib.load(data[i][0])\n",
    "    im_np = np.array(im.dataobj)\n",
    "    print(im_np.shape)\n",
    "    #im_sitk = sitk.GetImageFromArray(im_np)\n",
    "    im_sitk = sitk.ReadImage(data[i][0], imageIO=\"NiftiImageIO\")\n",
    "    print(im_sitk.GetSize())\n",
    "    direction = np.array(im_sitk.GetDirection()).reshape(len(Image.GetSize()), -1)\n",
    "    print(direction)\n",
    "    im_resampled = resample.Execute(im_sitk)\n",
    "    im_re_np = sitk.GetArrayFromImage(im_resampled)\n",
    "    print(im_re_np.shape)\n",
    "    la = nib.load(data[i][1])\n",
    "    la_np = np.array(la.dataobj)\n",
    "    print(la_np.shape)"
   ]
  },
  {
   "cell_type": "code",
   "execution_count": 89,
   "metadata": {},
   "outputs": [
    {
     "name": "stdout",
     "output_type": "stream",
     "text": [
      "0\n",
      "/media/sasank/LinuxStorage/Dropbox (UFL)/FistulaData/Segmentations/1/1_image.nii.gz\n",
      "(512, 512, 96)\n",
      "(512, 512, 104)\n",
      "(512, 512, 96)\n",
      "(512, 512, 104)\n",
      "1\n",
      "/media/sasank/LinuxStorage/Dropbox (UFL)/FistulaData/Segmentations/12/12_image.nii.gz\n",
      "(290, 320, 64)\n",
      "(512, 512, 104)\n",
      "(290, 320, 64)\n",
      "(512, 512, 104)\n",
      "2\n",
      "/media/sasank/LinuxStorage/Dropbox (UFL)/FistulaData/Segmentations/13/13_image.nii.gz\n",
      "(512, 512, 84)\n",
      "(512, 512, 104)\n",
      "(512, 512, 84)\n",
      "(512, 512, 104)\n",
      "3\n",
      "/media/sasank/LinuxStorage/Dropbox (UFL)/FistulaData/Segmentations/149/149_image.nii.gz\n",
      "(512, 512, 96)\n",
      "(512, 512, 104)\n",
      "(512, 512, 96)\n",
      "(512, 512, 104)\n",
      "4\n",
      "/media/sasank/LinuxStorage/Dropbox (UFL)/FistulaData/Segmentations/150/150_image.nii.gz\n",
      "(290, 320, 72)\n",
      "(512, 512, 104)\n",
      "(290, 320, 72)\n",
      "(512, 512, 104)\n",
      "5\n",
      "/media/sasank/LinuxStorage/Dropbox (UFL)/FistulaData/Segmentations/152/152_image.nii.gz\n",
      "(512, 512, 96)\n",
      "(512, 512, 104)\n",
      "(512, 512, 96)\n",
      "(512, 512, 104)\n",
      "6\n",
      "/media/sasank/LinuxStorage/Dropbox (UFL)/FistulaData/Segmentations/153/153_image.nii.gz\n",
      "(512, 512, 96)\n",
      "(512, 512, 104)\n",
      "(512, 512, 96)\n",
      "(512, 512, 104)\n",
      "7\n",
      "/media/sasank/LinuxStorage/Dropbox (UFL)/FistulaData/Segmentations/155/155_image.nii.gz\n",
      "(512, 512, 88)\n",
      "(512, 512, 104)\n",
      "(512, 512, 88)\n",
      "(512, 512, 104)\n",
      "8\n",
      "/media/sasank/LinuxStorage/Dropbox (UFL)/FistulaData/Segmentations/157/157_image.nii.gz\n",
      "(290, 320, 80)\n",
      "(512, 512, 104)\n",
      "(290, 320, 80)\n",
      "(512, 512, 104)\n",
      "9\n",
      "/media/sasank/LinuxStorage/Dropbox (UFL)/FistulaData/Segmentations/158/158_image.nii.gz\n",
      "(290, 320, 72)\n",
      "(512, 512, 104)\n",
      "(290, 320, 72)\n",
      "(512, 512, 104)\n",
      "10\n",
      "/media/sasank/LinuxStorage/Dropbox (UFL)/FistulaData/Segmentations/159/159_image.nii.gz\n",
      "(290, 320, 88)\n",
      "(512, 512, 104)\n",
      "(290, 320, 88)\n",
      "(512, 512, 104)\n",
      "11\n",
      "/media/sasank/LinuxStorage/Dropbox (UFL)/FistulaData/Segmentations/16/16_image.nii.gz\n",
      "(290, 320, 72)\n",
      "(512, 512, 104)\n",
      "(290, 320, 72)\n",
      "(512, 512, 104)\n",
      "12\n",
      "/media/sasank/LinuxStorage/Dropbox (UFL)/FistulaData/Segmentations/160/160_image.nii.gz\n",
      "(512, 512, 96)\n",
      "(512, 512, 104)\n",
      "(512, 512, 96)\n",
      "(512, 512, 104)\n",
      "13\n",
      "/media/sasank/LinuxStorage/Dropbox (UFL)/FistulaData/Segmentations/164/164_image.nii.gz\n",
      "(512, 512, 96)\n",
      "(512, 512, 104)\n",
      "(512, 512, 96)\n",
      "(512, 512, 104)\n",
      "14\n",
      "/media/sasank/LinuxStorage/Dropbox (UFL)/FistulaData/Segmentations/17/17_image.nii.gz\n",
      "(290, 320, 72)\n",
      "(512, 512, 104)\n",
      "(290, 320, 72)\n",
      "(512, 512, 104)\n",
      "15\n",
      "/media/sasank/LinuxStorage/Dropbox (UFL)/FistulaData/Segmentations/173/173_image.nii.gz\n",
      "(290, 320, 56)\n",
      "(512, 512, 104)\n",
      "(290, 320, 56)\n",
      "(512, 512, 104)\n",
      "16\n",
      "/media/sasank/LinuxStorage/Dropbox (UFL)/FistulaData/Segmentations/179/179_image.nii.gz\n",
      "(512, 512, 92)\n",
      "(512, 512, 104)\n",
      "(512, 512, 92)\n",
      "(512, 512, 104)\n",
      "17\n",
      "/media/sasank/LinuxStorage/Dropbox (UFL)/FistulaData/Segmentations/183/183_image.nii.gz\n",
      "(512, 512, 96)\n",
      "(512, 512, 104)\n",
      "(512, 512, 96)\n",
      "(512, 512, 104)\n",
      "18\n",
      "/media/sasank/LinuxStorage/Dropbox (UFL)/FistulaData/Segmentations/184/184_image.nii.gz\n",
      "(512, 512, 88)\n",
      "(512, 512, 104)\n",
      "(512, 512, 88)\n",
      "(512, 512, 104)\n",
      "19\n",
      "/media/sasank/LinuxStorage/Dropbox (UFL)/FistulaData/Segmentations/187/187_image.nii.gz\n",
      "(512, 512, 84)\n",
      "(512, 512, 104)\n",
      "(512, 512, 84)\n",
      "(512, 512, 104)\n",
      "20\n",
      "/media/sasank/LinuxStorage/Dropbox (UFL)/FistulaData/Segmentations/188/188_image.nii.gz\n",
      "(512, 512, 92)\n",
      "(512, 512, 104)\n",
      "(512, 512, 92)\n",
      "(512, 512, 104)\n",
      "21\n",
      "/media/sasank/LinuxStorage/Dropbox (UFL)/FistulaData/Segmentations/19/19_image.nii.gz\n",
      "(290, 320, 64)\n",
      "(512, 512, 104)\n",
      "(290, 320, 64)\n",
      "(512, 512, 104)\n",
      "22\n",
      "/media/sasank/LinuxStorage/Dropbox (UFL)/FistulaData/Segmentations/191/191_image.nii.gz\n",
      "(290, 320, 80)\n",
      "(512, 512, 104)\n",
      "(290, 320, 80)\n",
      "(512, 512, 104)\n",
      "23\n",
      "/media/sasank/LinuxStorage/Dropbox (UFL)/FistulaData/Segmentations/192/192_image.nii.gz\n",
      "(512, 512, 96)\n",
      "(512, 512, 104)\n",
      "(512, 512, 96)\n",
      "(512, 512, 104)\n",
      "24\n",
      "/media/sasank/LinuxStorage/Dropbox (UFL)/FistulaData/Segmentations/193/193_image.nii.gz\n",
      "(290, 320, 80)\n",
      "(512, 512, 104)\n",
      "(290, 320, 80)\n",
      "(512, 512, 104)\n",
      "25\n",
      "/media/sasank/LinuxStorage/Dropbox (UFL)/FistulaData/Segmentations/194/194_image.nii.gz\n",
      "(290, 320, 80)\n",
      "(512, 512, 104)\n",
      "(290, 320, 80)\n",
      "(512, 512, 104)\n",
      "26\n",
      "/media/sasank/LinuxStorage/Dropbox (UFL)/FistulaData/Segmentations/198/198_image.nii.gz\n",
      "(512, 512, 96)\n",
      "(512, 512, 104)\n",
      "(512, 512, 96)\n",
      "(512, 512, 104)\n",
      "27\n",
      "/media/sasank/LinuxStorage/Dropbox (UFL)/FistulaData/Segmentations/199/199_image.nii.gz\n",
      "(290, 320, 64)\n",
      "(512, 512, 104)\n",
      "(290, 320, 64)\n",
      "(512, 512, 104)\n",
      "28\n",
      "/media/sasank/LinuxStorage/Dropbox (UFL)/FistulaData/Segmentations/2/2_image.nii.gz\n",
      "(512, 512, 96)\n",
      "(512, 512, 104)\n",
      "(512, 512, 96)\n",
      "(512, 512, 104)\n",
      "29\n",
      "/media/sasank/LinuxStorage/Dropbox (UFL)/FistulaData/Segmentations/202/202_image.nii.gz\n",
      "(512, 512, 96)\n",
      "(512, 512, 104)\n",
      "(512, 512, 96)\n",
      "(512, 512, 104)\n",
      "30\n",
      "/media/sasank/LinuxStorage/Dropbox (UFL)/FistulaData/Segmentations/204/204_image.nii.gz\n",
      "(512, 512, 88)\n",
      "(512, 512, 104)\n",
      "(512, 512, 88)\n",
      "(512, 512, 104)\n",
      "31\n",
      "/media/sasank/LinuxStorage/Dropbox (UFL)/FistulaData/Segmentations/209/209_image.nii.gz\n",
      "(290, 320, 72)\n",
      "(512, 512, 104)\n",
      "(290, 320, 72)\n",
      "(512, 512, 104)\n",
      "32\n",
      "/media/sasank/LinuxStorage/Dropbox (UFL)/FistulaData/Segmentations/22/22_image.nii.gz\n",
      "(290, 320, 72)\n",
      "(512, 512, 104)\n",
      "(290, 320, 72)\n",
      "(512, 512, 104)\n",
      "33\n",
      "/media/sasank/LinuxStorage/Dropbox (UFL)/FistulaData/Segmentations/23/23_image.nii.gz\n",
      "(290, 320, 72)\n",
      "(512, 512, 104)\n",
      "(290, 320, 72)\n",
      "(512, 512, 104)\n",
      "34\n",
      "/media/sasank/LinuxStorage/Dropbox (UFL)/FistulaData/Segmentations/24/24_image.nii.gz\n",
      "(290, 320, 80)\n",
      "(512, 512, 104)\n",
      "(290, 320, 80)\n",
      "(512, 512, 104)\n",
      "35\n",
      "/media/sasank/LinuxStorage/Dropbox (UFL)/FistulaData/Segmentations/25/25_image.nii.gz\n",
      "(512, 512, 96)\n",
      "(512, 512, 104)\n",
      "(512, 512, 96)\n",
      "(512, 512, 104)\n",
      "36\n",
      "/media/sasank/LinuxStorage/Dropbox (UFL)/FistulaData/Segmentations/28/28_image.nii.gz\n",
      "(512, 512, 96)\n",
      "(512, 512, 104)\n",
      "(512, 512, 96)\n",
      "(512, 512, 104)\n",
      "37\n",
      "/media/sasank/LinuxStorage/Dropbox (UFL)/FistulaData/Segmentations/29/29_image.nii.gz\n",
      "(290, 320, 56)\n",
      "(512, 512, 104)\n",
      "(290, 320, 56)\n",
      "(512, 512, 104)\n",
      "38\n",
      "/media/sasank/LinuxStorage/Dropbox (UFL)/FistulaData/Segmentations/4/4_image.nii.gz\n",
      "(512, 512, 96)\n",
      "(512, 512, 104)\n",
      "(512, 512, 96)\n",
      "(512, 512, 104)\n",
      "39\n",
      "/media/sasank/LinuxStorage/Dropbox (UFL)/FistulaData/Segmentations/46/46_image.nii.gz\n",
      "(512, 512, 104)\n",
      "(512, 512, 104)\n",
      "(512, 512, 104)\n",
      "(512, 512, 104)\n",
      "40\n",
      "/media/sasank/LinuxStorage/Dropbox (UFL)/FistulaData/Segmentations/47/47_image.nii.gz\n",
      "(290, 320, 72)\n",
      "(512, 512, 104)\n",
      "(290, 320, 72)\n",
      "(512, 512, 104)\n",
      "41\n",
      "/media/sasank/LinuxStorage/Dropbox (UFL)/FistulaData/Segmentations/51/51_image.nii.gz\n",
      "(290, 320, 80)\n",
      "(512, 512, 104)\n",
      "(290, 320, 80)\n",
      "(512, 512, 104)\n",
      "42\n",
      "/media/sasank/LinuxStorage/Dropbox (UFL)/FistulaData/Segmentations/52/52_image.nii.gz\n",
      "(290, 320, 72)\n",
      "(512, 512, 104)\n",
      "(290, 320, 72)\n",
      "(512, 512, 104)\n",
      "43\n",
      "/media/sasank/LinuxStorage/Dropbox (UFL)/FistulaData/Segmentations/54/54_image.nii.gz\n",
      "(512, 512, 96)\n",
      "(512, 512, 104)\n",
      "(512, 512, 96)\n",
      "(512, 512, 104)\n",
      "44\n",
      "/media/sasank/LinuxStorage/Dropbox (UFL)/FistulaData/Segmentations/56/56_image.nii.gz\n",
      "(512, 512, 92)\n",
      "(512, 512, 104)\n",
      "(512, 512, 92)\n",
      "(512, 512, 104)\n",
      "45\n",
      "/media/sasank/LinuxStorage/Dropbox (UFL)/FistulaData/Segmentations/57/57_image.nii.gz\n",
      "(512, 512, 88)\n",
      "(512, 512, 104)\n",
      "(512, 512, 88)\n",
      "(512, 512, 104)\n",
      "46\n",
      "/media/sasank/LinuxStorage/Dropbox (UFL)/FistulaData/Segmentations/58/58_image.nii.gz\n",
      "(512, 512, 92)\n",
      "(512, 512, 104)\n",
      "(512, 512, 92)\n",
      "(512, 512, 104)\n",
      "47\n",
      "/media/sasank/LinuxStorage/Dropbox (UFL)/FistulaData/Segmentations/59/59_image.nii.gz\n",
      "(512, 512, 92)\n",
      "(512, 512, 104)\n",
      "(512, 512, 92)\n",
      "(512, 512, 104)\n",
      "48\n",
      "/media/sasank/LinuxStorage/Dropbox (UFL)/FistulaData/Segmentations/7/7_image.nii.gz\n",
      "(290, 320, 72)\n",
      "(512, 512, 104)\n",
      "(290, 320, 72)\n",
      "(512, 512, 104)\n",
      "49\n",
      "/media/sasank/LinuxStorage/Dropbox (UFL)/FistulaData/Segmentations/9/9_image.nii.gz\n",
      "(512, 512, 84)\n",
      "(512, 512, 104)\n",
      "(512, 512, 84)\n",
      "(512, 512, 104)\n"
     ]
    }
   ],
   "source": [
    "\"\"\"\n",
    "Padding\n",
    "\"\"\"\n",
    "\n",
    "images = []\n",
    "labels = []\n",
    "for root, dirs, files in os.walk('/media/sasank/LinuxStorage/Dropbox (UFL)/FistulaData/Segmentations/'):\n",
    "    for file in files:\n",
    "        if file.endswith(\"_image.nii.gz\"):\n",
    "            images.append(os.path.join(root, file))\n",
    "        if file.endswith(\"_label.nii.gz\"):\n",
    "            labels.append(os.path.join(root, file))\n",
    "images = sorted(images)\n",
    "labels = sorted(labels)\n",
    "\n",
    "data = list(zip(images, labels))\n",
    "\n",
    "for i in range(len(data)):\n",
    "    print(i)\n",
    "    print(data[i][0])\n",
    "    im = nib.load(data[i][0])\n",
    "    im_np = np.array(im.dataobj)\n",
    "    print(im_np.shape)\n",
    "    size = im_np.shape\n",
    "    im_re_np = np.pad(im_np,\n",
    "                        ((floor((512 - size[0])/2), ceil((512 - size[0])/2)),\n",
    "                        (floor((512 - size[1])/2), ceil((512 - size[1])/2)),\n",
    "                        (floor((104 - size[2])/2), ceil((104 - size[2])/2))),\n",
    "                        'constant', constant_values=(0, 0))\n",
    "    print(im_re_np.shape)\n",
    "    la = nib.load(data[i][1])\n",
    "    la_np = np.array(la.dataobj)\n",
    "    print(la_np.shape)\n",
    "    lsize = la_np.shape\n",
    "    la_re_np = np.pad(la_np,\n",
    "                        ((floor((512 - lsize[0])/2), ceil((512 - lsize[0])/2)),\n",
    "                        (floor((512 - lsize[1])/2), ceil((512 - lsize[1])/2)),\n",
    "                        (floor((104 - lsize[2])/2), ceil((104 - lsize[2])/2))),\n",
    "                        'constant', constant_values=(0, 0))\n",
    "    print(la_re_np.shape)"
   ]
  },
  {
   "cell_type": "code",
   "execution_count": null,
   "metadata": {},
   "outputs": [],
   "source": [
    "\n",
    "img1 = sitk.REadImage(img1.nii.gz)\n",
    "img2 = sitk.ReadImage(img2.nii.gz)\n",
    "\n",
    "ref = sitk.Image(96, 512, 512, siktFloat)\n",
    "ref.SetOrigin(img2.GetOrigin())\n",
    "ref.SetDirection(img2.GetDirection())\n",
    "spacing = img2.GetSpacing()\n",
    "new_spacing = [img2.spacing[0]*img2.size[0]/img1.size[0],\n",
    "                img2.spacing[1]*img2.size[1]/img1.size[1],\n",
    "                img2.spacing[2]*img2.size[2]/img1.size[2]]\n",
    "ref.SetSpacing(new_spacing)\n",
    "\n",
    "res = sitk.ResampleImageFilter()\n",
    "res.SetReferenceImage(ref)\n",
    "img1_resampled = res.Execute(img1)"
   ]
  }
 ],
 "metadata": {
  "kernelspec": {
   "display_name": "Python 3.9.7 ('jtml')",
   "language": "python",
   "name": "python3"
  },
  "language_info": {
   "codemirror_mode": {
    "name": "ipython",
    "version": 3
   },
   "file_extension": ".py",
   "mimetype": "text/x-python",
   "name": "python",
   "nbconvert_exporter": "python",
   "pygments_lexer": "ipython3",
   "version": "3.10.9"
  },
  "orig_nbformat": 4,
  "vscode": {
   "interpreter": {
    "hash": "caa145a8bcd2c0bdf22ef93e0177cb3b5b5524e86483a739522341d288c4c03a"
   }
  }
 },
 "nbformat": 4,
 "nbformat_minor": 2
}
